@8010000
43
45
48
43
@8010004
41
46
20
4b
@8010008
44
45
4c
49
@801000c
0a
21
21
20
@8010010
00
00
00
00
@8010014
43
45
48
43
@8010018
41
50
20
4b
@801001c
44
45
53
53
@8010020
0a
21
21
20
@8010024
00
00
00
00
@8010028
00
62
62
61
@801002c
00
75
6f
79
@8010030
00
74
6f
6e
@8010034
00
00
74
69
@8010038
00
64
61
64
@801003c
00
6f
6f
79
@8010040
00
6f
6f
68
@8010044
08
01
00
28
@8010048
08
01
00
2c
@801004c
08
01
00
30
@8010050
08
01
00
34
@8010054
08
01
00
38
@8010058
08
01
00
3c
@801005c
08
01
00
40
@8010060
00
00
00
00
@8010064
62
62
61
63
@8010068
00
00
65
69
@801006c
72
75
6f
79
@8010070
00
00
00
00
@8010074
69
20
74
49
@8010078
74
27
6e
73
@801007c
72
65
68
20
@8010080
00
00
00
65
@8010084
20
74
75
42
@8010088
69
20
74
69
@801008c
65
68
20
73
@8010090
00
00
65
72
@8010094
61
64
6f
68
@8010098
00
00
00
64
@801009c
68
6f
6f
79
@80100a0
00
00
6f
6f
@80100a4
08
01
00
64
@80100a8
08
01
00
6c
@80100ac
08
01
00
74
@80100b0
08
01
00
84
@80100b4
08
01
00
94
@80100b8
08
01
00
9c
@80100bc
08
01
00
9c
@80100c0
00
00
00
01
@80100c4
00
00
00
00
@80100c8
ff
ff
ff
ff
@80100cc
00
00
00
04
@80100d0
00
00
00
02
@80100d4
00
00
00
00
@80100d8
00
00
00
03
@80100dc
00
00
00
00
@80100e0
00
00
00
00
@80100e4
00
00
00
00
@80100e8
00
00
00
00
@80100ec
00
00
00
00
@80100f0
00
00
00
00
@80100f4
00
00
00
00
@80100f8
00
00
00
00
@80100fc
00
00
00
00
@8010100
00
00
00
00
@8010104
00
00
00
00
@8010108
00
00
00
00
@801010c
00
00
00
00
@8010110
00
00
00
00
@8010114
00
00
00
00
@8010118
00
00
00
00
@801011c
00
00
00
00
@8010120
00
00
00
00
@8010124
00
00
00
00
@8010128
00
00
00
00
@801012c
00
00
00
00
@8010130
00
00
00
00
@8010134
00
00
00
00
@8010138
00
00
00
00
@801013c
00
00
00
00
@8010140
00
00
00
00
@8010144
00
00
00
00
@8010148
00
00
00
00
@801014c
00
00
00
00
@8010150
00
00
00
00
@8010154
00
00
00
00
@8010158
00
00
00
00
@801015c
00
00
00
00
@8010160
00
00
00
00
@8010164
00
00
00
00
@8010168
00
00
00
00
@801016c
00
00
00
00
@8010170
00
00
00
00
@8010174
00
00
00
00
@8010178
00
00
00
00
@801017c
00
00
00
00
@8010180
00
00
00
00
@8010184
00
00
00
00
@8010188
00
00
00
00
@801018c
00
00
00
00
@8010190
00
00
00
00
@8010194
00
00
00
00
@8010198
00
00
00
00
@801019c
00
00
00
00
@80101a0
00
00
00
00
@80101a4
00
00
00
00
@80101a8
00
00
00
00
@80101ac
00
00
00
00
@80101b0
00
00
00
00
@80101b4
00
00
00
00
@80101b8
00
00
00
00
@80101bc
00
00
00
00
@80101c0
00
00
00
00
@80101c4
00
00
00
00
@80101c8
00
00
00
00
@80101cc
00
00
00
00
@80101d0
00
00
00
00
@80101d4
00
00
00
00
@80101d8
00
00
00
00
@80101dc
00
00
00
00
@80101e0
00
00
00
00
@80101e4
00
00
00
00
@80101e8
00
00
00
00
@80101ec
00
00
00
00
@80101f0
00
00
00
00
@80101f4
00
00
00
00
@80101f8
00
00
00
00
@80101fc
00
00
00
00
@8010200
00
00
00
00
@8010204
00
00
00
00
@8010208
00
00
00
00
@801020c
00
00
00
00
@8010210
00
00
00
00
@8010214
00
00
00
00
@8010218
00
00
00
00
@801021c
00
00
00
00
@8010220
00
00
00
00
@8010224
00
00
00
00
@8010228
00
00
00
00
@801022c
00
00
00
00
@8010230
00
00
00
00
@8010234
00
00
00
00
@8010238
00
00
00
00
@801023c
00
00
00
00
@8010240
00
00
00
00
@8010244
00
00
00
00
@8010248
00
00
00
00
@801024c
00
00
00
00
@8010250
00
00
00
00
@8010254
00
00
00
00
@8010258
00
00
00
00
@801025c
00
00
00
00
@8010260
00
00
00
00
@8010264
00
00
00
00
@8010268
00
00
00
00
@801026c
00
00
00
00
@8010270
00
00
00
00
@8010274
00
00
00
00
@8010278
00
00
00
00
@801027c
00
00
00
00
@8010280
00
00
00
00
@8010284
00
00
00
00
@8010288
00
00
00
00
@801028c
00
00
00
00
@8010290
00
00
00
00
@8010294
00
00
00
00
@8010298
00
00
00
00
@801029c
00
00
00
00
@80102a0
00
00
00
00
@80102a4
00
00
00
00
@80102a8
00
00
00
00
@80102ac
00
00
00
00
@80102b0
00
00
00
00
@80102b4
00
00
00
00
@80102b8
00
00
00
00
@80102bc
00
00
00
00
@80102c0
00
00
00
00
@80102c4
00
00
00
00
@80102c8
00
00
00
00
@80102cc
00
00
00
00
@80102d0
00
00
00
00
@80102d4
00
00
00
00
@80102d8
00
00
00
00
@80102dc
00
00
00
00
@80102e0
00
00
00
00
@80102e4
00
00
00
00
@80102e8
00
00
00
00
@80102ec
00
00
00
00
@80102f0
00
00
00
00
@80102f4
00
00
00
00
@80102f8
00
00
00
00
@80102fc
00
00
00
00
@8010300
00
00
00
00
@8010304
00
00
00
00
@8010308
00
00
00
00
@801030c
00
00
00
00
@8010310
00
00
00
00
@8010314
00
00
00
00
@8010318
00
00
00
00
@801031c
00
00
00
00
@8010320
00
00
00
00
@8010324
00
00
00
00
@8010328
00
00
00
00
@801032c
00
00
00
00
@8010330
00
00
00
00
@8010334
00
00
00
00
@8010338
00
00
00
00
@801033c
00
00
00
00
@8010340
00
00
00
00
@8010344
00
00
00
00
@8010348
00
00
00
00
@801034c
00
00
00
00
@8010350
00
00
00
00
@8010354
00
00
00
00
@8010358
00
00
00
00
@801035c
00
00
00
00
@8010360
00
00
00
00
@8010364
00
00
00
00
@8010368
00
00
00
00
@801036c
00
00
00
00
@8010370
00
00
00
00
@8010374
00
00
00
00
@8010378
00
00
00
00
@801037c
00
00
00
00
@8010380
00
00
00
00
@8010384
00
00
00
00
@8010388
00
00
00
00
@801038c
00
00
00
00
@8010390
00
00
00
00
@8010394
00
00
00
00
@8010398
00
00
00
00
@801039c
00
00
00
00
@80103a0
00
00
00
00
@80103a4
00
00
00
00
@80103a8
00
00
00
00
@80103ac
00
00
00
00
@80103b0
00
00
00
00
@80103b4
00
00
00
00
@80103b8
00
00
00
00
@80103bc
00
00
00
00
@80103c0
00
00
00
00
@80103c4
00
00
00
00
@80103c8
00
00
00
00
@80103cc
00
00
00
00
@80103d0
00
00
00
00
@80103d4
00
00
00
00
@80103d8
00
00
00
00
@80103dc
00
00
00
00
@80103e0
00
00
00
00
@80103e4
00
00
00
00
@80103e8
00
00
00
00
@80103ec
00
00
00
00
@80103f0
00
00
00
00
@80103f4
00
00
00
00
@80103f8
00
00
00
00
@80103fc
00
00
00
00
@8010400
00
00
00
00
@8010404
00
00
00
00
@8010408
00
00
00
00
@801040c
00
00
00
00
@8010410
00
00
00
00
@8010414
00
00
00
00
@8010418
00
00
00
00
@801041c
00
00
00
00
@8010420
00
00
00
00
@8010424
00
00
00
00
@8010428
00
00
00
00
@801042c
00
00
00
00
@8010430
00
00
00
00
@8010434
00
00
00
00
@8010438
00
00
00
00
@801043c
00
00
00
00
@8010440
00
00
00
00
@8010444
00
00
00
00
@8010448
00
00
00
00
@801044c
00
00
00
00
@8010450
00
00
00
00
@8010454
00
00
00
00
@8010458
00
00
00
00
@801045c
00
00
00
00
@8010460
00
00
00
00
@8010464
00
00
00
00
@8010468
00
00
00
00
@801046c
00
00
00
00
@8010470
00
00
00
00
@8010474
00
00
00
00
@8010478
00
00
00
00
@801047c
00
00
00
00
@8010480
00
00
00
00
@8010484
00
00
00
00
@8010488
00
00
00
00
@801048c
00
00
00
00
@8010490
00
00
00
00
@8010494
00
00
00
00
@8010498
00
00
00
00
@801049c
00
00
00
00
@80104a0
00
00
00
00
@80104a4
00
00
00
00
@80104a8
00
00
00
00
@80104ac
00
00
00
00
@80104b0
00
00
00
00
@80104b4
00
00
00
00
@80104b8
00
00
00
00
@80104bc
00
00
00
00
@80104c0
00
00
00
00
@80104c4
00
00
00
00
@80104c8
00
00
00
00
@80104cc
00
00
00
00
@80104d0
00
00
00
00
@80104d4
00
00
00
00
@80104d8
00
00
00
00
@80104dc
00
00
00
00
@80104e0
00
00
00
00
@80104e4
